1055.562
1060.8909
1066.4329
1071.136
1074.4047
1075.8956
1075.9636
1075.0581
1073.3784
1070.713
1067.3518
1063.7888
1060.1837
1056.8064
1053.423
1050.4393
1046.8094
1044.2465
1042.1823
1041.1305
1040.7312
1040.8234
1041.7386
1043.4769
1046.0027
1048.9496
1052.3965
1056.0303
1059.4835
1062.1641
1064.1185
1065.5345
1066.6406
1067.2688
1067.2284
1066.7853
1065.9904
1065.6434
1066.151
1067.3391
1069.0876
1072.1416
1076.1404
1081.4877
1087.4751
1093.1604
1098.1395
1102.7897
1107.1729
1110.6917
1113.6348
1115.3737
1115.583
1114.7891
1113.7783
1113.5231
1114.3468
1116.1732
1118.9015
1122.4211
1125.3513
1127.0704
1127.678
1127.7509
1127.7789
1127.5499
1127.6595
1055.562
1060.8909
1066.4329
1071.136
1074.4047
1075.8956
1075.9636
1075.0581
1073.3784
1070.713
1067.3518
1063.7888
1060.1837
1056.8064
1053.423
1050.4393
1046.8094
1044.2465
1042.1823
1041.1305
1040.7312
1040.8234
1041.7386
1043.4769
1046.0027
1048.9496
1052.3965
1056.0303
1059.4835
1062.1641
1064.1185
1065.5345
1066.6406
1067.2688
1067.2284
1066.7853
1065.9904
1065.6434
1066.151
1067.3391
1069.0876
1072.1416
1076.1404
1081.4877
1087.4751
1093.1604
1098.1395
1102.7897
1107.1729
1110.6917
1113.6348
1115.3737
1115.583
1114.7891
1113.7783
1113.5231
1114.3468
1116.1732
1118.9015
1122.4211
1125.3513
1127.0704
1127.678
1127.7509
1127.7789
1127.5499
1127.6595
1055.562
1060.8909
1066.4329
1071.136
1074.4047
1075.8956
1075.9636
1075.0581
1073.3784
1070.713
1067.3518
1063.7888
1060.1837
1056.8064
1053.423
1050.4393
1046.8094
1044.2465
1042.1823
1041.1305
1040.7312
1040.8234
1041.7386
1043.4769
1046.0027
1048.9496
1052.3965
1056.0303
1059.4835
1062.1641
1064.1185
1065.5345
1066.6406
1067.2688
1067.2284
1066.7853
1065.9904
1065.6434
1066.151
1067.3391
1069.0876
1072.1416
1076.1404
1081.4877
1087.4751
1093.1604
1098.1395
1102.7897
1107.1729
1110.6917
1113.6348
1115.3737
1115.583
1114.7891
1113.7783
1113.5231
1114.3468
1116.1732
1118.9015
1122.4211
1125.3513
1127.0704
1127.678
1127.7509
1127.7789
1127.5499
1127.6595
1055.562
1060.8909
1066.4329
1071.136
1074.4047
1075.8956
1075.9636
1075.0581
1073.3784
1070.713
1067.3518
1063.7888
1060.1837
1056.8064
1053.423
1050.4393
1046.8094
1044.2465
1042.1823
1041.1305
1040.7312
1040.8234
1041.7386
1043.4769
1046.0027
1048.9496
1052.3965
1056.0303
1059.4835
1062.1641
1064.1185
1065.5345
1066.6406
1067.2688
1067.2284
1066.7853
1065.9904
1065.6434
1066.151
1067.3391
1069.0876
1072.1416
1076.1404
1081.4877
1087.4751
1093.1604
1098.1395
1102.7897
1107.1729
1110.6917
1113.6348
1115.3737
1115.583
1114.7891
1113.7783
1113.5231
1114.3468
1116.1732
1118.9015
1122.4211
1125.3513
1127.0704
1127.678
1127.7509
1127.7789
1127.5499
1127.6595
1055.562
1060.8909
1066.4329
1071.136
1074.4047
1075.8956
1075.9636
1075.0581
1073.3784
1070.713
1067.3518
1063.7888
1060.1837
1056.8064
1053.423
1050.4393
1046.8094
1044.2465
1042.1823
1041.1305
1040.7312
1040.8234
1041.7386
1043.4769
1046.0027
1048.9496
1052.3965
1056.0303
1059.4835
1062.1641
1064.1185
1065.5345
1066.6406
1067.2688
1067.2284
1066.7853
1065.9904
1065.6434
1066.151
1067.3391
1069.0876
1072.1416
1076.1404
1081.4877
1087.4751
1093.1604
1098.1395
1102.7897
1107.1729
1110.6917
1113.6348
1115.3737
1115.583
1114.7891
1113.7783
1113.5231
1114.3468
1116.1732
1118.9015
1122.4211
1125.3513
1127.0704
1127.678
1127.7509
1127.7789
1127.5499
1127.6595
1055.562
1060.8909
1066.4329
1071.136
1074.4047
1055.562
1060.8909
1066.4329
1071.136
1074.4047
1075.8956
1075.9636
1075.0581
1073.3784
1070.713
1067.3518
1063.7888
1060.1837
1056.8064
1053.423
1050.4393
1046.8094
1044.2465
1042.1823
1041.1305
1040.7312
1040.8234
1041.7386
1043.4769
1046.0027
1048.9496
1052.3965
1056.0303
1059.4835
1062.1641
1064.1185
1065.5345
1066.6406
1067.2688
1067.2284
1066.7853
1065.9904
1065.6434
1066.151
1067.3391
1069.0876
1072.1416
1076.1404
1081.4877
1087.4751
1093.1604
1098.1395
1102.7897
1107.1729
1110.6917
1113.6348
1115.3737
1115.583
1114.7891
1113.7783
1113.5231
1114.3468
1116.1732
1118.9015
1122.4211
1125.3513
1127.0704
1127.678
1127.7509
1127.7789
1127.5499
1127.6595
1055.562
1060.8909
1066.4329
1071.136
1074.4047
1075.8956
1075.9636
1075.0581
1073.3784
1070.713
1067.3518
1063.7888
1060.1837
1056.8064
1053.423
1050.4393
1046.8094
1044.2465
1042.1823
1041.1305
1040.7312
1040.8234
1041.7386
1043.4769
1046.0027
1048.9496
1052.3965
1056.0303
1059.4835
1062.1641
1064.1185
1065.5345
1066.6406
1067.2688
1067.2284
1066.7853
1065.9904
1065.6434
1066.151
1067.3391
1069.0876
1072.1416
1076.1404
1081.4877
1087.4751
1093.1604
1098.1395
1102.7897
1107.1729
1110.6917
1113.6348
1115.3737
1115.583
1114.7891
1113.7783
1113.5231
1114.3468
1116.1732
1118.9015
1122.4211
1125.3513
1127.0704
1127.678
1127.7509
1127.7789
1127.5499
1127.6595
1055.562
1060.8909
1066.4329
1071.136
1074.4047
1075.8956
1075.9636
1075.0581
1073.3784
1070.713
1067.3518
1063.7888
1060.1837
1056.8064
1053.423
1050.4393
1046.8094
1044.2465
1042.1823
1041.1305
1040.7312
1040.8234
1041.7386
1043.4769
1046.0027
1048.9496
1052.3965
1056.0303
1059.4835
1062.1641
1064.1185
1065.5345
1066.6406
1067.2688
1067.2284
1066.7853
1065.9904
1065.6434
1066.151
1067.3391
1069.0876
1072.1416
1076.1404
1081.4877
1087.4751
1093.1604
1098.1395
1102.7897
1107.1729
1110.6917
1113.6348
1115.3737
1115.583
1114.7891
1113.7783
1113.5231
1114.3468
1116.1732
1118.9015
1122.4211
1125.3513
1127.0704
1127.678
1127.7509
1127.7789
1127.5499
1127.6595
1055.562
1060.8909
1066.4329
1071.136
1074.4047
1075.8956
1075.9636
1075.0581
1073.3784
1070.713
1067.3518
1063.7888
1060.1837
1056.8064
1053.423
1050.4393
1046.8094
1044.2465
1042.1823
1041.1305
1040.7312
1040.8234
1041.7386
1043.4769
1046.0027
1048.9496
1052.3965
1056.0303
1059.4835
1062.1641
1064.1185
1065.5345
1066.6406
1067.2688
1067.2284
1066.7853
1065.9904
1065.6434
1066.151
1067.3391
1069.0876
1072.1416
1076.1404
1081.4877
1087.4751
1093.1604
1098.1395
1102.7897
1107.1729
1110.6917
1113.6348
1115.3737
1115.583
1114.7891
1113.7783
1113.5231
1114.3468
1116.1732
1118.9015
1122.4211
1125.3513
1127.0704
1127.678
1127.7509
1127.7789
1127.5499
1127.6595
1055.562
1060.8909
1066.4329
1071.136
1074.4047
1075.8956
1075.9636
1075.0581
1073.3784
1070.713
1067.3518
1063.7888
1060.1837
1056.8064
1053.423
1050.4393
1046.8094
1044.2465
1042.1823
1041.1305
1040.7312
1040.8234
1048.9496
1052.3965
1056.0303
1059.4835
1062.1641
1064.1185
1065.5345
1066.6406
1067.2688
1067.2284
1066.7853
1065.9904
1065.6434
1066.151
1067.3391
1069.0876
1072.1416
1076.1404
1081.4877
1087.4751
1093.1604
1098.1395
1102.7897
1107.1729
1110.6917
1113.6348
1115.3737
1115.583
1114.7891
1113.7783
1113.5231
1114.3468
1116.1732
1118.9015
1122.4211
1125.3513
1127.0704
1127.678
1127.7509
1127.7789
1127.5499
1127.6595
